179
45
247
0
0
225
0
0
225
0
0
225
179
45
247
239
60
255
239
60
255
0
0
225
0
0
225
179
45
247
239
60
255
0
0
225
0
0
225
0
0
225
0
0
225
0
0
225
0
0
225
0
0
225
198
86
85
206
96
97
105
29
67
177
62
75
172
66
78
156
50
72
231
159
162
84
20
57
207
97
96
222
119
110
193
116
136
184
75
81
187
81
101
212
139
124
173
63
76
165
63
77
249
216
163
159
73
72
135
82
112
222
105
98
221
125
101
84
14
68
186
85
91
102
32
68
231
119
108
85
36
68
189
85
92
225
131
121
139
54
75
222
105
98
117
66
122
220
101
93
175
61
71
191
102
108
113
42
76
171
64
74
222
121
111
213
171
155
230
122
109
95
22
67
207
141
155
157
54
71
226
134
123
58
39
41
105
99
101
73
121
133
51
116
146
102
122
111
124
107
91
100
125
122
55
117
138
175
160
139
165
165
127
177
182
175
188
114
105
85
137
159
52
47
27
57
116
150
181
163
153
110
107
102
48
110
135
237
166
180
255
229
210
183
66
75
204
94
93
170
90
99
229
142
112
100
26
61
172
67
81
220
101
93
225
131
119
96
24
70
226
198
186
237
151
118
179
74
89
243
196
168
240
161
130
220
116
105
220
191
173
225
109
96
228
125
120
182
76
88
206
94
93
84
12
60
149
56
75
205
102
103
209
132
122
189
128
123
185
98
133
245
187
141
142
66
94
229
122
112
102
31
71
206
131
125
94
22
60
131
55
83
194
99
107
101
29
75
212
138
127
208
134
123
98
12
49
187
94
104
199
88
97
197
86
93
105
47
98
227
132
112
90
29
73
180
70
81
156
53
72
228
118
103
225
137
125
204
96
96
172
139
148
98
22
61
213
141
129
207
139
130
192
121
117
177
108
101
99
32
85
216
108
106
239
141
114
215
98
91
177
67
76
225
110
105
217
180
161
227
164
157
88
29
83
122
67
86
97
21
60
91
21
58
207
93
93
197
81
92
204
137
121
191
124
115
224
130
104
227
122
118
227
193
183
94
25
70
255
190
181
225
131
121
224
111
105
219
181
168
136
46
74
137
55
78
159
84
104
86
19
62
89
14
55
213
150
135
201
130
124
191
130
125
170
100
108
188
80
68
106
20
55
149
85
112
178
66
78
81
17
67
225
137
125
226
176
167
193
86
94
212
93
97
187
76
92
158
51
59
87
34
88
104
43
87
229
123
110
163
58
75
166
83
111
227
118
139
222
119
112
98
20
59
149
71
95
190
118
142
157
71
80
167
93
116
96
21
64
142
57
96
100
28
66
201
131
123
210
98
97
192
83
89
235
155
122
92
29
82
104
41
98
55
114
148
85
92
76
52
118
142
78
46
33
242
193
161
106
77
73
212
179
144
228
183
141
158
134
124
190
173
147
197
129
130
121
21
59
218
165
157
100
31
62
142
61
80
230
125
122
202
89
95
210
138
126
208
140
131
191
129
116
248
215
172
249
215
154
255
221
157
228
160
149
199
125
150
128
70
121
100
38
87
185
78
88
103
22
54
114
39
70
228
153
134
192
81
90
217
183
174
209
147
148
234
147
138
226
132
107
216
100
100
199
85
84
193
124
119
118
40
80
92
19
64
89
29
67
117
66
122
210
98
96
195
84
90
225
131
119
180
77
94
173
69
102
210
124
133
237
151
118
231
131
105
178
66
80
174
68
82
238
206
168
213
171
155
152
75
95
86
14
64
170
80
90
189
89
89
83
16
57
208
93
96
178
69
88
196
90
100
219
112
96
226
176
167
109
33
71
120
36
62
245
204
198
223
135
121
194
80
90
240
151
119
235
145
121
231
138
130
230
131
108
212
139
124
210
162
158
185
117
118
108
34
83
249
216
163
159
73
72
231
119
108
80
13
48
95
21
58
96
28
53
251
216
196
218
130
108
159
74
103
230
175
155
167
62
79
215
101
90
237
157
120
187
82
86
225
129
107
220
98
95
211
134
126
202
139
130
164
65
85
96
25
67
170
65
79
220
118
104
165
118
124
200
85
90
171
59
71
179
63
76
169
71
96
206
96
97
222
182
174
232
172
161
218
92
96
221
117
116
239
155
119
191
95
107
190
159
167
177
77
87
215
159
142
218
92
96
109
33
69
204
86
86
199
96
100
207
100
106
223
104
108
115
39
69
200
84
85
208
95
91
90
19
61
183
66
75
189
85
92
190
80
89
180
91
113
193
146
200
77
17
68
135
43
64
173
65
78
215
94
109
89
26
71
224
126
115
206
92
92
224
194
184
255
255
255
255
255
255
255
255
255
255
255
255
255
255
255
255
255
255
255
255
255
255
255
255
228
177
112
214
165
106
255
255
255
255
255
255
108
34
83
193
125
122
206
98
96
221
117
116
223
178
172
205
95
96
230
172
150
122
53
82
239
161
125
221
110
103
206
98
96
172
66
78
86
255
60
52
195
0
86
255
60
86
255
60
86
255
60
86
255
60
52
195
0
86
255
60
86
255
60
86
255
60
0
255
230
86
255
60
0
140
165
0
140
165
255
0
0
255
0
0
86
255
60
86
255
60
86
255
60
86
255
60
0
255
230
86
255
60
86
255
60
86
255
60
86
255
60
86
255
60
86
255
60
86
255
60
86
255
60
86
255
60
86
255
60
0
140
165
86
255
60
86
255
60
86
255
60
86
255
60
52
195
0
0
140
165
125
196
46
255
0
0
86
255
60
86
255
60
86
255
60
86
255
60
170
167
104
86
255
60
86
255
60
86
255
60
86
255
60
86
255
60
86
255
60
86
255
60
86
255
60
86
255
60
86
255
60
0
140
165
0
140
165
125
196
46
255
0
0
86
255
60
86
255
60
86
255
60
86
255
60
86
255
60
86
255
60
0
140
165
0
140
165
86
255
60
255
0
0
86
255
60
255
80
150
86
255
60
86
255
60
86
255
60
86
255
60
86
255
60
0
255
230
0
255
230
86
255
60
86
255
60
86
255
60
86
255
60
52
195
0
52
195
0
86
255
60
86
255
60
86
255
60
86
255
60
0
255
230
255
0
0
86
255
60
86
255
60
86
255
60
86
255
60
86
255
60
0
140
165
0
140
165
86
255
60
255
80
150
86
255
60
0
255
230
0
255
230
0
255
230
0
255
230
86
255
60
0
255
230
255
0
0
0
255
230
0
140
165
66
228
83
86
255
60
255
0
0
52
195
0
245
90
144
86
255
60
0
255
230
0
255
230
86
255
60
86
255
60
86
255
60
86
255
60
86
255
60
86
255
60
86
255
60
0
255
230
0
255
230
86
255
60
86
255
60
86
255
60
86
255
60
86
255
60
52
195
0
86
255
60
86
255
60
86
255
60
86
255
60
86
255
60
86
255
60
86
255
60
86
255
60
86
255
60
86
255
60
255
0
0
86
255
60
86
255
60
86
255
60
86
255
60
0
255
230
0
140
165
86
255
60
255
0
0
203
78
18
86
255
60
86
255
60
86
255
60
86
255
60
203
133
122
135
204
86
0
255
230
86
255
60
86
255
60
86
255
60
86
255
60
86
255
60
86
255
60
86
255
60
52
195
0
52
195
0
86
255
60
0
255
230
86
255
60
86
255
60
86
255
60
86
255
60
255
0
0
255
0
0
59
207
12
86
255
60
0
140
165
86
255
60
86
255
60
86
255
60
86
255
60
86
255
60
